ID	nbrefhom	nbalthom	nbhet	nbmissing
hg02461	974	134	235	9
hg02461	951	125	269	7
hg02461	907	182	259	4
hg02461	1007	132	213	0
hg02461	1114	100	135	3
hg02461	1059	59	233	1
hg02461	949	138	259	6
hg02461	932	130	289	1
hg02461	975	82	294	1
hg02461	960	74	316	2
hg02461	919	73	359	1
hg02461	974	113	263	2
hg02461	1076	43	232	1
hg02461	969	88	295	0
hg02461	928	87	336	1
hg02461	1004	52	296	0
hg02461	987	68	296	1
hg02461	962	69	320	1
hg02461	972	290	89	1
hg02461	974	53	324	1
hg02461	976	75	300	1
hg02461	1040	65	247	0
hg02461	886	153	311	2
hg02461	945	147	258	2
hg02461	1035	70	247	0
hg02461	948	102	301	1
hg02461	1017	90	245	0
hg02461	939	88	325	0
hg02461	980	168	199	5
hg02461	971	86	294	1
hg02461	952	139	261	0
hg02461	1006	175	171	0
hg02461	1086	80	184	2
hg02461	969	148	233	2
hg02461	1046	60	243	3
hg02461	1066	148	136	2
hg02461	961	107	283	1
hg02461	1046	130	174	2
hg02461	1010	84	257	1
hg02461	977	82	289	4
hg02461	965	167	220	0
hg02461	937	67	347	1
hg02461	961	119	264	8
hg02461	930	112	308	2
hg02461	995	75	279	3
hg02461	948	162	242	0
hg02461	1004	73	274	1
hg02461	1016	193	142	1
hg02461	986	114	250	2
hg02461	1053	89	209	1
hg02461	1014	75	260	3
hg02461	953	70	328	1
hg02461	970	146	234	2
hg02461	982	160	208	2
hg02461	1029	85	237	1
hg02461	980	77	295	0
hg02461	1019	92	238	3
hg02461	980	173	191	8
hg02461	1030	77	245	0
hg02461	1031	45	274	2
hg02461	1055	40	257	0
hg02461	872	167	305	8
hg02461	945	78	329	0
hg02461	938	152	262	0
hg02461	949	89	311	3
hg02461	935	83	332	2
hg02461	1012	58	279	3
hg02461	1028	88	236	0
hg02461	934	79	338	1
hg02461	952	111	282	7
hg02461	995	95	261	1
hg02461	1111	91	146	4
hg02461	974	168	205	5
hg02461	1015	63	271	3
hg02461	1025	181	146	0
hg02461	976	95	280	1
hg02461	1012	102	237	1
hg02461	1042	97	213	0
hg02461	1066	101	181	4
hg02461	1066	111	174	1
hg02461	984	204	162	2
hg02461	1060	137	151	4
hg02461	1019	131	201	1
hg02461	1040	48	264	0
hg02461	1080	79	192	1
hg02461	1081	70	201	0
hg02461	1037	59	255	1
hg02461	996	79	273	4
hg02461	972	153	222	5
hg02461	971	158	215	8
hg02461	982	69	300	1
hg02461	972	129	250	1
hg02461	946	158	247	1
hg02461	960	73	316	3
hg02461	1021	173	156	2
hg02461	973	143	236	0
hg02461	1001	86	264	1
hg02461	1000	75	275	2
hg02461	1110	127	113	2
hg02461	913	164	273	2
hg02461	911	93	345	3
hg02461	1002	77	272	1
hg02461	1058	91	202	1
hg02461	999	57	294	2
hg02461	906	199	240	7
hg02461	959	137	251	5
hg02461	1010	99	242	1
hg02461	897	161	293	1
hg02461	972	150	230	0
hg02461	986	45	320	1
hg02461	1035	107	209	1
hg02461	1011	78	258	5
hg02461	953	97	301	1
hg02461	1028	66	258	0
hg02461	1005	175	171	1
hg02461	980	77	295	0
hg02461	956	92	303	1
hg02461	1010	85	256	1
hg02461	998	260	94	0
hg02461	1021	69	261	1
hg02461	985	146	220	1
hg02461	984	106	260	2
hg02461	893	144	314	1
hg02461	1017	103	224	8
hg02461	921	107	323	1
hg02461	945	66	340	1
hg02461	1014	77	261	0
hg02461	945	105	302	0
hg02461	1053	96	203	0
hg02461	936	80	336	0
hg02461	1050	75	225	2
hg02461	1003	125	223	1
hg02461	984	127	240	1
hg02461	1044	66	242	0
hg02461	987	194	169	2
hg02461	1126	87	136	3
hg02461	941	84	324	3
hg02461	1030	72	250	0
hg02461	936	164	247	5
hg02461	968	188	193	3
hg02461	989	122	240	1
hg02461	952	171	228	1
hg02461	947	135	269	1
hg02461	919	135	298	0
hg02461	978	149	223	2
hg02461	990	106	255	1
hg02461	976	107	268	1
hg02461	988	87	274	3
hg02461	907	133	307	5
hg02461	1039	82	229	2
hg02461	1022	118	212	0
hg02461	904	145	303	0
hg02461	1007	142	195	8
hg02461	915	46	389	2
hg02461	973	54	324	1
hg02461	967	89	295	1
hg02461	960	71	319	2
hg02461	921	170	261	0
hg02461	1003	55	294	0
hg02461	1025	80	247	0
hg02461	1018	154	177	3
hg02461	917	139	294	2
hg02461	990	161	200	1
hg02461	1064	115	166	7
hg02461	994	87	270	1
hg02461	985	72	294	1
hg02461	974	140	237	1
hg02461	987	146	218	1
hg02461	970	80	302	0
hg02461	995	80	274	3
hg02461	1127	220	1	4
hg02461	1022	49	279	2
hg02461	955	158	235	4
hg02461	973	86	293	0
hg02461	1011	81	257	3
hg02461	968	76	307	1
hg02461	1071	95	186	0
hg02461	1097	30	224	1
hg02461	997	86	268	1
hg02461	1097	40	214	1
hg02461	1009	125	217	1
hg02461	968	100	283	1
hg02461	935	81	335	1
hg02461	1011	99	241	1
hg02461	992	142	216	2
hg02461	975	129	247	1
hg02461	964	96	291	1
hg02461	959	122	270	1
hg02461	1081	86	181	4
hg02461	1020	147	181	4
hg02461	1007	92	249	4
hg02461	1021	75	256	0
hg02461	963	82	305	2
hg02461	944	77	331	0
hg02461	999	92	259	2
hg02461	923	145	284	0
hg02461	990	137	222	3
hg02461	945	130	273	4
hg02461	976	174	201	1
hg02461	987	73	292	0
hg02461	967	135	249	1
hg02461	922	162	264	4
hg02461	996	77	274	5
hg02461	988	172	185	7
hg02461	1002	78	271	1
hg02461	978	105	268	1
hg02461	1065	96	188	3
hg02461	979	128	243	2
hg02461	962	115	275	0
hg02461	1099	73	178	2
hg02461	965	118	266	3
hg02461	956	107	289	0
hg02461	1046	103	202	1
hg02461	964	89	299	0
hg02461	1021	73	258	0
hg02461	981	193	173	5
hg02461	1027	83	241	1
hg02461	966	171	207	8
hg02461	1040	82	230	0
hg02461	1003	112	236	1
hg02461	977	88	287	0
hg02461	903	148	301	0
hg02461	1082	45	225	0
hg02461	997	64	290	1
hg02461	984	95	273	0
hg02461	1045	90	217	0
hg02461	989	87	276	0
hg02461	981	74	297	0
hg02461	978	213	161	0
hg02461	994	124	233	1
hg02461	997	85	267	3
hg02461	946	155	250	1
hg02461	982	84	284	2
hg02461	1061	57	234	0
hg02461	1067	159	124	2
hg02461	972	110	270	0
hg02461	951	83	316	2
hg02461	939	163	250	0
hg02461	1027	98	225	2
hg02461	920	84	348	0
hg02461	997	76	276	3
hg02461	1038	70	243	1
hg02461	980	140	232	0
hg02461	997	78	277	0
hg02461	951	99	302	0
hg02461	1099	61	188	4
hg02461	1014	70	267	1
hg02461	983	81	288	0
hg02461	1000	106	245	1
hg02461	924	138	289	1
hg02461	984	157	211	0
hg02461	1061	164	124	3
hg02461	1099	100	151	2
hg02461	958	122	270	2
hg02461	968	71	311	2
hg02461	1014	86	252	0
hg02461	986	152	211	3
hg02461	1001	182	164	5
hg02461	967	123	261	1
hg02461	999	52	301	0
hg02461	967	77	307	1
hg02461	943	117	291	1
hg02461	977	73	301	1
hg02461	1040	34	278	0
hg02461	946	86	319	1
hg02461	956	123	272	1
hg02461	971	54	325	2
hg02461	1073	46	231	2
hg02461	1070	271	11	0
hg02461	1158	147	45	2
hg02461	1093	62	197	0
hg02461	1041	78	231	2
hg02461	1024	45	282	1
hg02461	1044	59	249	0
hg02461	1126	51	175	0
hg02461	1170	47	134	1
hg02461	1053	190	106	3
hg02461	1024	188	140	0
hg02461	1082	68	200	2
hg02461	1096	60	196	0
hg02461	1092	131	127	2
hg02461	950	147	255	0
hg02461	1016	123	212	1
hg02461	1008	37	307	0
hg02461	1029	196	125	2
hg02461	1049	38	265	0
hg02461	1010	42	300	0
hg02461	1148	61	143	0
hg02461	1125	90	137	0
hg02461	1141	122	86	3
hg02461	1001	64	286	1
hg02461	1057	157	138	0
hg02461	1035	123	193	1
hg02461	1042	78	232	0
hg02461	1052	84	216	0
hg02461	1049	90	213	0
hg02461	1048	77	227	0
hg02461	1013	70	268	1
hg02461	1114	116	121	1
hg02461	1020	86	246	0
hg02461	1178	166	8	0
hg02461	1127	104	121	0
hg02461	1067	85	199	1
hg02461	1100	35	217	0
hg02461	1048	58	246	0
hg02461	1003	148	200	1
hg02461	987	160	205	0
hg02461	1101	43	207	1
hg02461	1061	81	208	2
hg02461	1054	78	220	0
hg02461	1027	164	161	0
hg02461	1100	101	151	0
hg02461	992	136	224	0
hg02461	1132	73	146	1
hg02461	1002	72	278	0
hg02461	1096	118	138	0
hg02461	1061	86	204	1
hg02461	1047	64	241	0
hg02461	1053	160	138	1
hg02461	1003	112	236	1
hg02461	1092	66	194	0
hg02461	1144	82	125	1
hg02461	941	143	268	0
hg02461	1048	41	263	0
hg02461	1013	123	214	2
hg02461	1007	75	270	0
hg02461	956	77	317	2
hg02461	1017	20	315	0
hg02461	1015	122	213	2
hg02461	1106	60	184	2
hg02461	1111	97	142	2
hg02461	1105	64	181	2
hg02461	1134	97	121	0
hg02461	1029	140	183	0
hg02461	989	86	276	1
hg02461	1134	81	137	0
hg02461	1102	69	180	1
hg02461	975	62	315	0
hg02461	1120	101	130	1
hg02461	1065	63	223	1
hg02461	1053	37	262	0
hg02461	1169	74	109	0
hg02461	1145	85	121	1
hg02461	992	96	264	0
hg02461	1053	87	212	0
hg02461	1145	74	133	0
hg02461	1214	48	90	0
hg02461	1018	89	245	0
hg02461	1017	99	235	1
hg02461	1086	31	233	2
hg02461	1056	152	142	2
hg02461	1011	86	254	1
hg02461	1037	151	159	5
hg02461	1075	179	95	3
hg02461	1106	29	217	0
hg02461	994	56	302	0
hg02461	1175	70	107	0
hg02461	1009	204	139	0
hg02461	919	180	246	7
hg02461	993	142	214	3
hg02461	1034	59	256	3
hg02461	1009	165	177	1
hg02461	1027	170	152	3
hg02461	1045	78	226	3
hg02461	1020	37	294	1
hg02461	991	84	276	1
hg02461	1000	163	185	4
hg02461	1144	105	99	4
hg02461	1012	52	288	0
hg02461	1060	44	244	4
hg02461	1128	89	132	3
hg02461	994	213	140	5
hg02461	958	128	266	0
hg02461	993	75	282	2
hg02461	983	185	177	7
hg02461	999	78	273	2
hg02461	1056	60	236	0
hg02461	1050	65	235	2
hg02461	954	69	329	0
hg02461	946	94	312	0
hg02461	1060	125	162	5
hg02461	869	157	324	2
hg02461	896	145	311	0
hg02461	1031	172	148	1
hg02461	944	134	274	0
hg02461	1069	91	189	3
hg02461	965	173	208	6
hg02461	926	154	271	1
hg02461	1013	92	246	1
hg02461	938	127	285	2
hg02461	978	136	237	1
hg02461	971	104	277	0
hg02461	1073	56	222	1
hg02461	1033	74	243	2
hg02461	975	162	213	2
hg02461	1047	107	198	0
hg02461	1028	83	241	0
hg02461	1059	81	210	2
hg02461	940	156	256	0
hg02461	917	87	347	1
hg02461	1025	125	201	1
hg02461	977	74	300	1
hg02461	1010	66	275	1
hg02461	1066	60	221	5
hg02461	1046	149	153	4
hg02461	1132	89	130	1
hg02461	995	152	205	0
hg02461	1083	97	166	6
hg02461	944	97	304	7
hg02461	963	70	318	1
hg02461	1070	68	212	2
hg02461	950	115	287	0
hg02461	1026	113	213	0
hg02461	1046	75	227	4
hg02461	951	66	334	1
hg02461	900	180	265	7
hg02461	1063	83	205	1
hg02461	1028	105	218	1
hg02461	929	143	280	0
hg02461	1028	67	256	1
hg02461	944	135	273	0
hg02461	937	120	292	3
hg02461	976	135	239	2
hg02461	960	158	229	5
hg02461	981	148	220	3
hg02461	971	156	220	5
hg02461	1101	208	41	2
hg02461	929	156	267	0
hg02461	966	185	194	7
hg02461	965	98	288	1
hg02461	972	140	239	1
hg02461	895	103	352	2
hg02461	1115	86	150	1
hg02461	969	85	298	0
hg02461	955	162	227	8
hg02461	904	151	296	1
hg02461	947	73	331	1
hg02461	953	91	306	2
hg02461	1019	186	147	0
hg02461	982	144	226	0
hg02461	961	154	237	0
hg02461	1034	85	233	0
hg02461	986	162	194	10
hg02461	1020	91	240	1
hg02461	1131	139	79	3
hg02461	1026	95	231	0
hg02461	954	76	321	1
hg02461	999	49	301	3
hg02461	942	139	271	0
hg02461	1084	142	126	0
hg02461	980	62	309	1
hg02461	981	58	313	0
hg02461	1040	189	121	2
hg02461	888	206	258	0
hg02461	1050	58	243	1
hg02461	1015	128	208	1
hg02461	1022	112	217	1
hg02461	996	186	168	2
hg02461	969	62	321	0
hg02461	976	123	253	0
hg02461	1005	72	274	1
hg02461	1072	47	231	2
hg02461	990	139	220	3
hg02461	1170	131	45	6
hg02461	1074	118	158	2
hg02461	988	69	293	2
hg02461	950	175	218	9
hg02461	970	78	304	0
hg02461	977	144	231	0
hg02461	998	81	273	0
hg02461	937	120	293	2
hg02461	958	156	235	3
hg02461	931	83	337	1
hg02461	986	159	204	3
hg02461	998	74	279	1
hg02461	933	94	323	2
hg02461	1041	41	270	0
hg02461	980	141	231	0
hg02461	1067	45	238	2
hg02461	979	111	260	2
hg02461	979	108	264	1
hg02461	1040	57	255	0
hg02461	964	152	236	0
hg02461	911	143	297	1
hg02461	941	194	216	1
hg02461	932	164	251	5
hg02461	1014	176	160	2
hg02461	956	103	290	3
hg02461	976	131	244	1
hg02461	929	150	272	1
hg02461	999	174	176	3
hg02461	971	153	227	1
hg02461	986	165	199	2
hg02461	949	187	214	2
hg02461	946	71	335	0
hg02461	986	184	172	10
hg02461	893	115	344	0
hg02461	1219	126	3	4
hg02461	994	63	294	1
hg02461	905	152	292	3
hg02461	952	90	308	2
hg02461	968	86	297	1
hg02461	944	140	268	0
hg02461	1087	77	186	2
hg02461	1038	64	249	1
hg02461	1073	72	205	2
hg02461	962	145	243	2
hg02461	960	84	302	6
hg02461	963	143	245	1
hg02461	1005	56	291	0
hg02461	937	128	286	1
hg02461	951	159	236	6
hg02461	962	49	340	1
hg02461	954	138	258	2
hg02461	969	166	216	1
hg02461	949	134	269	0
hg02461	925	151	274	2
hg02461	925	159	268	0
hg02461	971	104	277	0
hg02461	1071	58	222	1
hg02461	980	141	229	2
hg02461	918	168	265	1
hg02461	962	201	189	0
hg02461	957	113	274	8
hg02461	1055	83	214	0
hg02461	959	122	270	1
hg02461	950	179	222	1
hg02461	1030	224	95	3
hg02461	1075	74	203	0
hg02461	1015	41	295	1
hg02461	959	180	212	1
hg02461	1087	41	224	0
hg02461	950	100	302	0
hg02461	902	197	248	5
hg02461	899	176	276	1
hg02461	982	103	267	0
